function J = actc(m)

J=[...
             0         0    0.0157
         0         0    0.0353
         0         0    0.0510
         0         0    0.0706
         0         0    0.0863
         0         0    0.1059
         0         0    0.1216
         0         0    0.1412
         0         0    0.1569
         0         0    0.1765
         0         0    0.1922
         0         0    0.2118
         0         0    0.2275
         0         0    0.2471
         0         0    0.2667
         0         0    0.2824
         0         0    0.3020
         0         0    0.3176
         0         0    0.3373
         0         0    0.3529
         0         0    0.3725
         0         0    0.3882
         0         0    0.4078
         0         0    0.4235
         0         0    0.4431
         0         0    0.4588
         0         0    0.4784
         0         0    0.4941
         0         0    0.5137
         0         0    0.5333
         0         0    0.5333
         0    0.0196    0.5098
         0    0.0431    0.4902
         0    0.0667    0.4706
         0    0.0863    0.4510
         0    0.1098    0.4314
         0    0.1333    0.4118
         0    0.1529    0.3922
         0    0.1765    0.3725
         0    0.2000    0.3529
         0    0.2196    0.3333
         0    0.2431    0.3137
         0    0.2667    0.2941
         0    0.2863    0.2745
         0    0.3098    0.2549
         0    0.3333    0.2353
         0    0.3529    0.2157
         0    0.3765    0.1961
         0    0.3961    0.1765
         0    0.4196    0.1569
         0    0.4431    0.1373
         0    0.4627    0.1176
         0    0.4863    0.0980
         0    0.5098    0.0784
         0    0.5294    0.0588
         0    0.5529    0.0392
         0    0.5765    0.0196
         0    0.6000         0
         0    0.6000         0
    0.0706    0.6275         0
    0.1412    0.6549         0
    0.2118    0.6824         0
    0.2824    0.7137         0
    0.3529    0.7412         0
    0.4235    0.7686         0
    0.4941    0.8000         0
    0.5647    0.8275         0
    0.6353    0.8549         0
    0.7059    0.8824         0
    0.7765    0.9137         0
    0.8471    0.9412         0
    0.9176    0.9686         0
    0.9882    1.0000         0
    1.0000    1.0000         0
    1.0000    0.9765         0
    1.0000    0.9569         0
    1.0000    0.9333         0
    1.0000    0.9137         0
    1.0000    0.8902         0
    1.0000    0.8706         0
    1.0000    0.8510         0
    1.0000    0.8275         0
    1.0000    0.8078         0
    1.0000    0.7843         0
    1.0000    0.7647         0
    1.0000    0.7412         0
    1.0000    0.7216         0
    1.0000    0.7020         0
    1.0000    0.6784         0
    1.0000    0.6588         0
    1.0000    0.6353         0
    1.0000    0.6157         0
    1.0000    0.5922         0
    1.0000    0.5725         0
    1.0000    0.5529         0
    1.0000    0.5294         0
    1.0000    0.5098         0
    1.0000    0.4863         0
    1.0000    0.4667         0
    1.0000    0.4431         0
    1.0000    0.4235         0
    1.0000    0.4039         0
    1.0000    0.3804         0
    1.0000    0.3608         0
    1.0000    0.3373         0
    1.0000    0.3176         0
    1.0000    0.2941         0
    1.0000    0.2745         0
    1.0000    0.2549         0
    1.0000    0.2314         0
    1.0000    0.2118         0
    1.0000    0.1882         0
    1.0000    0.1686         0
    1.0000    0.1451         0
    1.0000    0.1255         0
    1.0000    0.1059         0
    1.0000    0.0824         0
    1.0000    0.0627         0
    1.0000    0.0392         0
    1.0000    0.0196         0
    1.0000         0         0];